1,1,120.5,332.99,138.3,61.610000000000014,1,1,1.0
1,2,730.9,265.33,77.69000000000005,40.49000000000001,1,1,1.0
1,3,207.4,248.1,97.66,44.41999999999999,1,1,1.0
2,1,96.16,335.59,141.59,62.960000000000036,1,1,1.0
2,2,718.27,267.84,78.76999999999998,40.49000000000001,1,1,1.0
2,3,207.41,248.12,97.65,44.420000000000016,1,1,1.0
3,1,71.82,338.2,144.88,64.30000000000001,1,1,1.0
3,2,705.63,270.34,79.85000000000002,40.49000000000001,1,1,1.0
3,3,207.43,248.14,97.62,44.420000000000016,1,1,1.0
4,1,47.48,340.8,148.17000000000002,65.64999999999998,1,1,1.0
4,2,693.0,272.85,80.91999999999996,40.48999999999995,1,1,1.0
4,3,207.45,248.17,97.60000000000002,44.41,1,1,1.0
5,1,23.14,343.4,151.45999999999998,67.0,1,1,1.0
5,2,676.53,274.58,80.92000000000007,40.49000000000001,1,1,1.0
5,3,207.46,248.19,97.59,44.420000000000016,1,1,1.0
6,1,0.5,349.18,150.7,70.42000000000002,1,1,1.0
6,2,663.53,277.47,80.91000000000008,40.48999999999995,1,1,1.0
6,3,207.48,248.21,97.56000000000003,44.41999999999999,1,1,1.0
7,1,0.03,354.96,127.77,67.54000000000002,1,1,1.0
7,2,647.92,277.47,80.92000000000007,40.48999999999995,1,1,1.0
7,3,207.5,248.23,97.54000000000002,44.41999999999999,1,1,1.0
8,1,0.03,354.96,103.7,67.54000000000002,1,1,1.0
8,2,633.09,278.81,80.90999999999997,42.81,1,1,1.0
8,3,207.51,248.25,97.51999999999998,44.420000000000016,1,1,1.0
9,1,0.03,354.96,79.64,67.54000000000002,1,1,1.0
9,2,618.25,280.16,80.91999999999996,45.11999999999995,1,1,1.0
9,3,207.53,248.27,97.49999999999997,44.41999999999999,1,1,1.0
10,1,0.03,354.96,55.57,67.54000000000002,1,1,1.0
10,2,603.42,281.5,80.91000000000008,47.44,1,1,1.0
10,3,207.55,248.3,97.46999999999997,44.40999999999997,1,1,1.0
11,1,0.03,372.3,30.169999999999998,54.81999999999999,1,1,1.0
11,2,590.12,284.39,86.08000000000004,47.44,1,1,1.0
11,3,207.56,248.32,97.45999999999998,44.420000000000016,1,1,1.0
12,2,574.38,286.41,87.08000000000004,48.02999999999997,1,1,1.0
12,3,207.58,248.34,97.42999999999998,44.41999999999999,1,1,1.0
13,2,558.63,288.44,88.09000000000003,48.610000000000014,1,1,1.0
13,3,207.59,248.36,97.41999999999999,44.41999999999996,1,1,1.0
14,2,542.88,290.46,89.10000000000002,49.200000000000045,1,1,1.0
14,3,207.61,248.38,97.38999999999999,44.420000000000016,1,1,1.0
15,2,527.13,292.48,90.11000000000001,49.789999999999964,1,1,1.0
15,3,207.63,248.4,97.37,44.41999999999999,1,1,1.0
16,2,509.67,294.79,91.84999999999997,50.599999999999966,1,1,1.0
16,3,207.64,248.43,97.36000000000001,44.40999999999997,1,1,1.0
17,2,492.22,297.09,93.56999999999994,51.43000000000001,1,1,1.0
17,3,207.66,248.45,97.33000000000001,44.420000000000016,1,1,1.0
18,2,474.76,299.39,95.29999999999995,52.25999999999999,1,1,1.0
18,3,207.68,248.47,97.31,44.41999999999999,1,1,1.0
19,2,457.31,301.7,97.02000000000004,53.06999999999999,1,1,1.0
19,3,207.69,248.49,97.29000000000002,44.420000000000016,1,1,1.0
20,2,439.86,304.0,98.74000000000001,53.89999999999998,1,1,1.0
20,3,207.71,248.51,97.27000000000001,44.420000000000016,1,1,1.0
21,2,421.14,307.0,101.5,54.94,1,1,1.0
21,3,207.72,248.53,97.25000000000003,44.41999999999999,1,1,1.0
22,2,402.43,310.0,104.25,55.98000000000002,1,1,1.0
22,3,207.74,248.56,97.23000000000002,44.420000000000016,1,1,1.0
23,2,383.72,313.0,107.0,57.01999999999998,1,1,1.0
23,3,207.76,248.58,97.19999999999999,44.41999999999999,1,1,1.0
24,2,365.01,316.0,109.75,58.06,1,1,1.0
24,3,207.77,248.6,97.18999999999997,44.41999999999999,1,1,1.0
25,2,346.3,319.0,112.5,59.10000000000002,1,1,1.0
25,3,207.79,248.62,97.16999999999999,44.420000000000016,1,1,1.0
26,2,325.61,322.36,114.46999999999997,59.789999999999964,1,1,1.0
26,3,207.81,248.64,97.13999999999999,44.420000000000016,1,1,1.0
27,2,304.92,325.72,116.43,60.46999999999997,1,1,1.0
27,3,207.82,248.67,97.13,44.41,1,1,1.0
28,2,284.23,329.08,118.39999999999998,61.160000000000025,1,1,1.0
28,3,207.84,248.69,97.1,44.420000000000016,1,1,1.0
29,2,263.54,332.44,120.37,61.839999999999975,1,1,1.0
29,3,207.86,248.71,97.07999999999998,44.41999999999999,1,1,1.0
30,2,242.85,335.8,122.34,62.52999999999997,1,1,1.0
30,3,207.87,248.73,97.06,44.41999999999999,1,1,1.0
31,2,219.38,340.08,126.28000000000003,63.56,1,1,1.0
31,3,207.89,248.75,97.04000000000002,44.420000000000016,1,1,1.0
32,2,195.92,344.35,130.20000000000002,64.60999999999996,1,1,1.0
32,3,207.9,248.77,97.02000000000001,44.41999999999999,1,1,1.0
33,2,172.45,348.63,134.14,65.63999999999999,1,1,1.0
33,3,207.92,248.8,97.00000000000003,44.40999999999997,1,1,1.0
34,2,148.99,352.91,138.07,66.67999999999995,1,1,1.0
34,3,207.94,248.82,96.97000000000003,44.420000000000016,1,1,1.0
35,2,125.52,357.19,142.01,67.70999999999998,1,1,1.0
35,3,207.95,248.84,96.96000000000004,44.41999999999999,1,1,1.0
36,2,98.83,361.19,145.95999999999998,69.11000000000001,1,1,1.0
36,3,207.97,248.86,96.94000000000003,44.41999999999996,1,1,1.0
37,2,72.13,365.19,149.93,70.50999999999999,1,1,1.0
37,3,207.99,248.88,96.90999999999997,44.420000000000016,1,1,1.0
38,2,45.44,369.2,153.89000000000001,71.90000000000003,1,1,1.0
38,3,208.0,248.9,96.89999999999998,44.41999999999999,1,1,1.0
39,2,18.75,373.2,157.85,73.30000000000001,1,1,1.0
39,3,208.02,248.93,96.86999999999998,44.420000000000016,1,1,1.0
40,2,0.0,384.93,141.53,67.70999999999998,1,1,1.0
40,3,208.04,248.95,96.85,44.420000000000016,1,1,1.0
41,2,0.0,385.79,126.5,74.38,1,1,1.0
41,3,208.05,248.97,96.82999999999998,44.41999999999999,1,1,1.0
42,2,0.0,386.66,102.2,81.03999999999996,1,1,1.0
42,3,208.07,248.99,96.81,44.420000000000016,1,1,1.0
43,2,0.0,386.66,76.77,81.03999999999996,1,1,1.0
43,3,208.08,249.01,96.78999999999999,44.420000000000016,1,1,1.0
44,2,0.0,386.66,51.33,81.03999999999996,1,1,1.0
44,3,208.1,249.04,96.77000000000001,44.41,1,1,1.0
45,2,0.0,386.66,25.9,81.03999999999996,1,1,1.0
45,3,208.12,249.06,96.75,44.420000000000016,1,1,1.0
46,3,208.13,249.08,96.73000000000002,44.41999999999999,1,1,1.0
47,3,208.15,249.1,96.71000000000001,44.41999999999999,1,1,1.0
48,3,208.17,249.12,96.68000000000004,44.420000000000016,1,1,1.0
49,3,208.18,249.14,96.67000000000002,44.420000000000016,1,1,1.0
50,4,956.16,235.08,3.840000000000032,34.099999999999994,1,1,1.0
50,3,208.2,249.17,96.63999999999999,44.41,1,1,1.0
51,4,950.38,232.19,9.620000000000005,41.23000000000002,1,1,1.0
51,3,208.21,249.19,96.62999999999997,44.420000000000016,1,1,1.0
52,4,944.59,229.29,15.409999999999968,48.37000000000003,1,1,1.0
52,3,208.23,249.21,96.6,44.41999999999999,1,1,1.0
53,4,938.8,226.4,21.200000000000045,55.49999999999997,1,1,1.0
53,3,208.25,249.23,96.57999999999998,44.41999999999999,1,1,1.0
54,4,934.8,226.48,25.200000000000045,58.16999999999999,1,1,1.0
54,3,208.26,249.25,96.56,44.420000000000016,1,1,1.0
55,4,930.8,226.56,29.200000000000045,60.829999999999984,1,1,1.0
55,5,936.57,248.37,6.009999999999991,10.579999999999984,1,1,1.0
55,3,208.28,249.27,96.53999999999999,44.41999999999999,1,1,1.0
56,4,926.8,226.64,33.200000000000045,63.5,1,1,1.0
56,5,931.68,249.49,6.490000000000009,11.139999999999986,1,1,1.0
56,3,208.3,249.3,96.51999999999998,44.40999999999997,1,1,1.0
57,4,921.9,226.56,38.10000000000002,64.60000000000002,1,1,1.0
57,5,926.79,250.61,6.980000000000018,11.70999999999998,1,1,1.0
57,3,208.31,249.32,96.5,44.420000000000016,1,1,1.0
58,4,917.0,226.48,43.0,65.70000000000002,1,1,1.0
58,5,921.9,251.74,7.460000000000036,12.259999999999991,1,1,1.0
58,3,208.33,249.34,96.47999999999999,44.41999999999999,1,1,1.0
59,4,912.1,226.4,47.89999999999998,66.79999999999998,1,1,1.0
59,5,916.93,252.22,7.460000000000036,12.750000000000028,1,1,1.0
59,3,208.35,249.36,96.45000000000002,44.41999999999996,1,1,1.0
60,4,907.43,226.4,52.57000000000005,68.57000000000002,1,1,1.0
60,5,911.97,252.7,7.459999999999923,13.230000000000018,1,1,1.0
60,3,208.36,249.38,96.44,44.420000000000016,1,1,1.0
61,4,902.77,226.4,57.23000000000002,70.33000000000001,1,1,1.0
61,5,907.0,253.18,7.460000000000036,13.71999999999997,1,1,1.0
61,3,208.38,249.4,96.41000000000003,44.41999999999999,1,1,1.0
62,4,898.1,226.4,61.89999999999998,72.1,1,1,1.0
62,5,900.5,253.66,7.9500000000000455,14.369999999999976,1,1,1.0
62,3,208.39,249.43,96.40000000000003,44.420000000000016,1,1,1.0
63,4,891.2,226.4,68.79999999999995,72.99999999999997,1,1,1.0
63,5,894.0,254.14,8.450000000000045,15.03000000000003,1,1,1.0
63,3,208.41,249.45,96.36999999999998,44.420000000000016,1,1,1.0
64,4,884.3,226.4,75.70000000000005,73.9,1,1,1.0
64,5,887.5,254.62,8.940000000000055,15.680000000000007,1,1,1.0
64,3,208.43,249.47,96.34999999999997,44.41999999999999,1,1,1.0
65,4,877.4,226.4,82.60000000000002,74.79999999999998,1,1,1.0
65,5,880.85,255.18,9.279999999999973,15.990000000000009,1,1,1.0
65,3,208.44,249.49,96.33999999999997,44.420000000000016,1,1,1.0
66,4,871.24,226.4,88.75999999999999,76.79999999999998,1,1,1.0
66,5,874.2,255.74,9.6099999999999,16.289999999999964,1,1,1.0
66,3,208.46,249.51,96.30999999999997,44.420000000000016,1,1,1.0
67,4,865.08,226.4,94.91999999999996,78.79999999999998,1,1,1.0
67,5,867.55,256.3,9.950000000000045,16.599999999999966,1,1,1.0
67,3,208.48,249.54,96.28999999999999,44.41,1,1,1.0
68,4,858.92,226.4,101.08000000000004,80.79999999999998,1,1,1.0
68,5,861.08,256.42,10.089999999999918,17.879999999999995,1,1,1.0
68,3,208.49,249.56,96.26999999999998,44.420000000000016,1,1,1.0
69,4,852.76,226.4,107.24000000000001,82.79999999999998,1,1,1.0
69,5,854.6,256.54,10.230000000000018,19.159999999999968,1,1,1.0
69,3,208.51,249.58,96.25,44.41999999999999,1,1,1.0
70,4,846.6,226.4,113.39999999999998,84.79999999999998,1,1,1.0
70,5,848.12,256.66,10.379999999999995,20.439999999999998,1,1,1.0
70,3,208.53,249.6,96.22,44.41999999999999,1,1,1.0
71,4,838.36,226.7,121.63999999999999,86.38,1,1,1.0
71,5,840.06,256.66,11.870000000000005,21.939999999999998,1,1,1.0
71,3,208.54,249.62,96.21000000000001,44.420000000000016,1,1,1.0
72,4,830.12,227.0,129.88,87.95999999999998,1,1,1.0
72,5,831.99,256.66,13.379999999999995,23.439999999999998,1,1,1.0
72,3,208.56,249.64,96.18,44.420000000000016,1,1,1.0
73,4,821.88,227.3,138.12,89.53999999999996,1,1,1.0
73,5,823.93,256.66,14.870000000000005,24.939999999999998,1,1,1.0
73,3,208.57,249.67,96.17000000000002,44.41,1,1,1.0
74,4,813.49,226.85,146.51,91.87000000000003,1,1,1.0
74,5,815.06,256.76,16.770000000000095,25.870000000000005,1,1,1.0
74,3,208.59,249.69,96.14000000000001,44.420000000000016,1,1,1.0
75,4,805.1,226.4,154.89999999999998,94.20000000000002,1,1,1.0
75,5,806.2,256.85,18.66999999999996,26.819999999999993,1,1,1.0
75,3,208.61,249.71,96.12,44.41999999999999,1,1,1.0
76,4,798.14,228.27,159.98000000000002,94.20000000000002,1,1,1.0
76,5,797.33,256.95,20.569999999999936,27.75,1,1,1.0
76,3,208.62,249.73,96.11000000000001,44.41999999999999,1,1,1.0
77,4,791.18,230.14,165.06000000000006,94.19999999999999,1,1,1.0
77,5,788.46,257.7,21.610000000000014,28.329999999999984,1,1,1.0
77,3,208.64,249.75,96.08000000000004,44.420000000000016,1,1,1.0
78,4,784.22,232.02,170.14,94.20000000000002,1,1,1.0
78,5,779.59,258.45,22.639999999999986,28.920000000000016,1,1,1.0
78,6,949.84,227.45,10.159999999999968,44.079999999999984,1,1,1.0
78,3,208.66,249.77,96.06000000000003,44.41999999999999,1,1,1.0
79,4,777.26,233.89,175.22000000000003,94.19999999999999,1,1,1.0
79,5,770.73,259.2,23.66999999999996,29.5,1,1,1.0
79,6,946.43,229.57,10.470000000000027,41.94999999999999,1,1,1.0
79,3,208.67,249.8,96.03999999999999,44.40999999999997,1,1,1.0
80,4,770.3,235.76,180.30000000000007,94.19999999999999,1,1,1.0
80,5,760.43,259.4,26.24000000000001,30.170000000000016,1,1,1.0
80,6,943.01,231.68,10.789999999999964,39.829999999999984,1,1,1.0
80,3,208.69,249.82,96.01999999999998,44.420000000000016,1,1,1.0
81,4,761.78,236.69,182.54000000000008,94.88,1,1,1.0
81,5,750.13,259.6,28.799999999999955,30.829999999999984,1,1,1.0
81,6,939.6,233.8,11.100000000000023,37.69999999999999,1,1,1.0
81,3,208.7,249.84,96.0,44.41999999999999,1,1,1.0
82,4,753.25,237.62,184.78999999999996,95.55000000000001,1,1,1.0
82,5,739.84,259.8,31.360000000000014,31.5,1,1,1.0
82,6,933.79,232.37,11.629999999999995,39.81,1,1,1.0
82,3,208.72,249.86,95.97999999999999,44.41999999999996,1,1,1.0
83,4,744.73,238.55,187.02999999999997,96.22999999999996,1,1,1.0
83,5,729.44,259.8,31.36999999999989,31.5,1,1,1.0
83,6,927.98,230.93,12.169999999999959,41.94,1,1,1.0
83,3,208.74,249.88,95.94999999999999,44.420000000000016,1,1,1.0
84,4,736.2,239.48,189.27999999999997,96.9,1,1,1.0
84,5,719.05,259.8,31.360000000000014,31.5,1,1,1.0
84,6,922.17,229.5,12.700000000000045,44.05000000000001,1,1,1.0
84,3,208.75,249.9,95.94,44.41999999999999,1,1,1.0
85,4,733.52,240.41,185.68000000000006,97.58000000000001,1,1,1.0
85,5,708.66,259.8,31.360000000000014,31.5,1,1,1.0
85,6,915.76,231.04,12.700000000000045,44.04999999999998,1,1,1.0
85,3,208.77,249.93,95.91,44.420000000000016,1,1,1.0
86,4,721.48,240.84,193.91999999999996,99.15,1,1,1.0
86,5,697.5,260.95,34.210000000000036,32.05000000000001,1,1,1.0
86,6,909.35,232.57,12.699999999999932,44.06,1,1,1.0
86,3,208.79,249.95,95.89000000000001,44.420000000000016,1,1,1.0
87,4,709.45,241.27,202.14999999999998,100.72999999999999,1,1,1.0
87,5,686.35,262.1,37.049999999999955,32.599999999999966,1,1,1.0
87,6,892.27,235.15,23.129999999999995,42.49999999999997,1,1,1.0
87,3,208.8,249.97,95.88,44.41999999999999,1,1,1.0
88,4,697.41,241.7,210.39,102.31,1,1,1.0
88,5,674.71,262.64,42.49000000000001,32.139999999999986,1,1,1.0
88,6,875.18,237.73,33.57000000000005,40.95000000000002,1,1,1.0
88,3,208.82,249.99,95.85000000000002,44.420000000000016,1,1,1.0
89,4,686.58,243.44,213.19999999999993,102.30000000000001,1,1,1.0
89,5,663.07,263.18,47.92999999999995,31.670000000000016,1,1,1.0
89,6,858.1,240.3,44.0,39.39999999999998,1,1,1.0
89,3,208.84,250.01,95.83000000000001,44.420000000000016,1,1,1.0
90,4,675.74,245.18,216.01999999999998,102.30000000000001,1,1,1.0
90,5,651.42,263.72,53.379999999999995,31.20999999999998,1,1,1.0
90,6,851.09,240.81,44.0,39.410000000000025,1,1,1.0
90,3,208.85,250.04,95.81000000000003,44.41,1,1,1.0
91,4,664.91,246.92,218.83000000000004,102.30000000000004,1,1,1.0
91,5,639.78,264.26,58.82000000000005,30.75,1,1,1.0
91,6,844.09,241.33,44.0,39.400000000000006,1,1,1.0
91,3,208.87,250.06,95.79000000000002,44.420000000000016,1,1,1.0
92,4,654.08,248.65,221.64,102.30999999999997,1,1,1.0
92,5,628.14,264.8,64.25999999999999,30.279999999999973,1,1,1.0
92,6,837.08,241.84,44.0,39.400000000000006,1,1,1.0
92,3,208.88,250.08,95.76999999999998,44.41999999999999,1,1,1.0
93,4,643.24,250.39,224.46000000000004,102.31,1,1,1.0
93,5,615.43,265.34,69.0100000000001,31.05000000000001,1,1,1.0
93,6,830.08,243.9,44.0,38.02000000000001,1,1,1.0
93,3,208.9,250.1,95.74999999999997,44.41999999999999,1,1,1.0
94,4,631.07,250.53,229.66999999999996,105.91,1,1,1.0
94,5,602.72,265.87,73.75999999999999,31.819999999999993,1,1,1.0
94,6,823.07,243.89,44.0,38.72000000000003,1,1,1.0
94,3,208.92,250.12,95.72,44.420000000000016,1,1,1.0
95,4,618.9,250.68,234.88,109.50999999999999,1,1,1.0
95,5,590.0,266.41,78.51999999999998,32.579999999999984,1,1,1.0
95,6,816.06,243.89,44.0,39.400000000000034,1,1,1.0
95,3,208.93,250.14,95.70999999999998,44.420000000000016,1,1,1.0
96,4,606.73,250.82,240.09000000000003,113.11000000000001,1,1,1.0
96,5,577.29,266.94,83.26999999999998,33.360000000000014,1,1,1.0
96,6,804.11,244.79,46.73000000000002,39.190000000000026,1,1,1.0
96,3,208.95,250.17,95.69,44.41,1,1,1.0
97,4,594.56,250.96,245.30000000000007,116.72,1,1,1.0
97,5,564.58,267.48,88.01999999999998,34.120000000000005,1,1,1.0
97,6,792.15,245.7,49.460000000000036,38.960000000000036,1,1,1.0
97,3,208.97,250.19,95.66,44.420000000000016,1,1,1.0
98,4,582.39,251.1,250.51,120.32000000000002,1,1,1.0
98,5,551.1,268.17,90.39999999999998,34.56999999999999,1,1,1.0
98,6,780.2,245.94,52.17999999999995,39.39999999999998,1,1,1.0
98,3,208.98,250.21,95.65,44.41999999999999,1,1,1.0
99,4,569.82,252.84,253.8499999999999,121.92999999999998,1,1,1.0
99,5,537.62,268.86,92.77999999999997,35.01999999999998,1,1,1.0
99,6,770.13,246.96,53.200000000000045,39.41,1,1,1.0
99,3,209.0,250.23,95.62,44.41999999999999,1,1,1.0
100,4,557.25,254.58,257.17999999999995,123.53,1,1,1.0
100,5,524.14,269.55,95.15999999999997,35.46999999999997,1,1,1.0
100,6,760.07,247.99,54.19999999999993,39.39999999999998,1,1,1.0
100,3,209.01,250.25,95.61000000000001,44.420000000000016,1,1,1.0
101,4,544.67,256.32,260.5300000000001,125.13,1,1,1.0
101,5,510.66,270.24,97.54000000000002,35.920000000000016,1,1,1.0
101,6,750.0,249.02,55.210000000000036,39.400000000000006,1,1,1.0
101,3,209.03,250.27,95.58000000000001,44.41999999999999,1,1,1.0
102,4,532.1,258.06,263.86,126.74000000000001,1,1,1.0
102,5,497.18,270.93,99.92000000000002,36.370000000000005,1,1,1.0
102,7,955.46,228.9,4.539999999999964,14.930000000000007,1,1,1.0
102,6,736.33,249.53,59.309999999999945,39.400000000000006,1,1,1.0
102,3,209.05,250.3,95.56,44.420000000000016,1,1,1.0
103,4,519.53,259.8,267.20000000000005,128.33999999999997,1,1,1.0
103,5,483.32,271.0,101.76000000000005,36.839999999999975,1,1,1.0
103,7,952.0,225.84,8.0,27.78,1,1,1.0
103,6,722.67,250.04,63.40000000000009,39.400000000000006,1,1,1.0
103,3,209.06,250.32,95.54000000000002,44.420000000000016,1,1,1.0
104,4,504.28,261.14,274.02,130.75,1,1,1.0
104,5,469.46,271.08,103.59999999999997,37.30000000000001,1,1,1.0
104,7,948.55,222.78,11.450000000000045,40.619999999999976,1,1,1.0
104,6,709.0,250.55,67.50999999999999,39.40999999999997,1,1,1.0
104,3,209.08,250.34,95.52000000000001,44.41999999999999,1,1,1.0
105,4,489.04,262.48,280.84,133.15999999999997,1,1,1.0
105,5,455.6,271.16,105.43999999999994,37.75999999999999,1,1,1.0
105,7,945.1,219.34,14.899999999999977,45.18999999999997,1,1,1.0
105,6,695.67,251.92,70.75,39.400000000000006,1,1,1.0
105,3,209.1,250.36,95.48999999999998,44.41999999999996,1,1,1.0
106,4,473.79,263.82,287.66,135.57999999999998,1,1,1.0
106,5,441.74,271.23,107.27999999999997,38.22999999999996,1,1,1.0
106,7,941.65,215.9,18.350000000000023,49.77000000000001,1,1,1.0
106,6,682.33,253.29,74.00999999999999,39.400000000000006,1,1,1.0
106,3,209.11,250.38,95.47999999999996,44.420000000000016,1,1,1.0
107,4,458.54,265.16,294.48999999999995,137.98999999999995,1,1,1.0
107,5,427.88,271.31,109.12,38.69,1,1,1.0
107,7,938.2,213.6,21.799999999999955,53.20000000000002,1,1,1.0
107,6,669.0,254.65,77.25999999999999,39.41,1,1,1.0
107,3,209.13,250.41,95.45999999999998,44.41,1,1,1.0
108,4,443.29,266.5,301.31,140.39999999999998,1,1,1.0
108,5,412.78,275.43,109.12,38.69,1,1,1.0
108,7,936.1,213.6,23.899999999999977,53.79999999999998,1,1,1.0
108,6,651.9,255.0,82.74000000000001,39.06,1,1,1.0
108,3,209.15,250.43,95.42999999999998,44.420000000000016,1,1,1.0
109,4,425.55,268.11,308.74999999999994,143.81,1,1,1.0
109,5,399.19,275.43,109.12,38.69,1,1,1.0
109,7,934.0,213.6,26.0,54.400000000000006,1,1,1.0
109,6,634.8,255.35,88.22000000000003,38.71000000000001,1,1,1.0
109,3,209.16,250.45,95.41999999999999,44.420000000000016,1,1,1.0
110,4,407.8,269.72,316.2,147.21999999999997,1,1,1.0
110,5,385.6,275.43,109.13,38.69,1,1,1.0
110,7,928.94,213.6,31.059999999999945,55.08000000000001,1,1,1.0
110,6,617.7,255.7,93.69999999999993,38.360000000000014,1,1,1.0
110,3,209.18,250.47,95.38999999999999,44.41999999999999,1,1,1.0
111,4,390.05,271.33,323.65000000000003,150.63,1,1,1.0
111,5,372.01,275.43,109.13,38.69,1,1,1.0
111,7,923.88,213.6,36.120000000000005,55.76000000000002,1,1,1.0
111,6,605.23,255.7,94.72000000000003,38.360000000000014,1,1,1.0
111,3,209.19,250.49,95.38,44.420000000000016,1,1,1.0
112,4,372.3,272.94,331.09999999999997,154.04000000000002,1,1,1.0
112,5,358.42,275.43,109.13,38.69,1,1,1.0
112,7,918.82,213.6,41.17999999999995,56.440000000000026,1,1,1.0
112,6,592.77,255.7,95.73000000000002,38.360000000000014,1,1,1.0
112,3,209.21,250.51,95.35,44.420000000000016,1,1,1.0
113,4,353.15,274.55,338.9200000000001,157.45,1,1,1.0
113,5,344.84,275.43,109.12,38.69,1,1,1.0
113,7,913.76,213.6,46.24000000000001,57.12000000000003,1,1,1.0
113,6,580.3,255.7,96.75999999999999,38.360000000000014,1,1,1.0
113,3,209.23,250.54,95.33000000000001,44.41,1,1,1.0
114,4,334.0,276.16,346.73,160.85999999999996,1,1,1.0
114,5,329.05,276.52,110.21999999999997,38.69,1,1,1.0
114,7,908.7,213.6,51.299999999999955,57.79999999999998,1,1,1.0
114,6,566.03,256.25,98.95000000000005,38.360000000000014,1,1,1.0
114,3,209.24,250.56,95.31,44.420000000000016,1,1,1.0
115,4,314.84,277.77,354.56,164.27000000000004,1,1,1.0
115,5,313.27,277.62,111.31,38.69,1,1,1.0
115,7,903.5,213.76,56.5,58.18000000000001,1,1,1.0
115,6,551.75,256.8,101.15999999999997,38.349999999999966,1,1,1.0
115,3,209.26,250.58,95.29000000000002,44.41999999999999,1,1,1.0
116,4,295.69,279.38,362.38000000000005,167.68,1,1,1.0
116,5,297.48,278.72,112.39999999999998,38.69,1,1,1.0
116,7,898.3,213.92,61.700000000000045,58.56000000000003,1,1,1.0
116,6,537.48,257.35,103.36000000000001,38.349999999999966,1,1,1.0
116,3,209.28,250.6,95.27000000000001,44.41999999999999,1,1,1.0
117,4,276.54,280.99,370.19,171.08999999999997,1,1,1.0
117,5,281.7,279.82,113.49000000000001,38.68000000000001,1,1,1.0
117,7,893.1,214.08,66.89999999999998,58.93999999999997,1,1,1.0
117,6,523.2,257.9,105.56999999999994,38.35000000000002,1,1,1.0
117,3,209.29,250.62,95.25000000000003,44.420000000000016,1,1,1.0
118,4,257.39,282.6,378.01,174.5,1,1,1.0
118,5,265.92,280.92,114.57999999999998,38.68000000000001,1,1,1.0
118,7,887.9,214.24,72.10000000000002,59.31999999999999,1,1,1.0
118,6,508.93,258.45,107.77000000000004,38.35000000000002,1,1,1.0
118,3,209.31,250.64,95.23000000000002,44.420000000000016,1,1,1.0
119,4,234.33,284.94,389.29999999999995,179.38,1,1,1.0
119,5,249.99,282.15,115.13,38.69,1,1,1.0
119,7,882.7,214.4,77.29999999999995,59.70000000000002,1,1,1.0
119,6,493.97,259.4,107.90999999999997,39.32000000000005,1,1,1.0
119,3,209.33,250.67,95.19999999999996,44.41,1,1,1.0
120,4,211.26,287.28,400.59000000000003,184.26000000000005,1,1,1.0
120,5,234.07,283.39,115.67000000000002,38.69,1,1,1.0
120,7,877.03,215.4,78.37,59.70000000000002,1,1,1.0
120,6,479.01,260.35,108.04999999999995,40.289999999999964,1,1,1.0
120,3,209.34,250.69,95.18999999999997,44.420000000000016,1,1,1.0
121,4,188.2,289.62,411.88000000000005,189.14,1,1,1.0
121,5,218.15,284.62,116.21000000000001,38.69999999999999,1,1,1.0
121,7,871.36,216.39,79.43999999999994,59.710000000000036,1,1,1.0
121,6,464.05,261.3,108.19,41.25999999999999,1,1,1.0
121,3,209.36,250.71,95.15999999999997,44.41999999999999,1,1,1.0
122,4,161.97,291.96,424.27,194.02000000000004,1,1,1.0
122,5,202.23,285.86,116.75000000000003,38.69999999999999,1,1,1.0
122,7,865.7,217.39,80.5,59.710000000000036,1,1,1.0
122,6,449.09,262.25,108.32999999999998,42.24000000000001,1,1,1.0
122,3,209.37,250.73,95.14999999999998,44.41999999999999,1,1,1.0
123,4,135.75,294.3,436.65,198.89999999999998,1,1,1.0
123,5,186.31,287.09,117.29000000000002,38.710000000000036,1,1,1.0
123,7,860.03,218.38,81.57000000000005,59.72000000000003,1,1,1.0
123,6,434.13,263.2,108.47000000000003,43.210000000000036,1,1,1.0
123,3,209.39,250.75,95.12,44.420000000000016,1,1,1.0
124,4,109.52,296.64,449.03999999999996,203.78000000000003,1,1,1.0
124,5,166.87,287.51,121.23000000000002,42.31999999999999,1,1,1.0
124,7,854.36,219.38,82.63999999999999,59.72000000000003,1,1,1.0
124,6,420.26,264.44,109.86000000000001,43.49000000000001,1,1,1.0
124,3,209.41,250.77,95.1,44.41999999999999,1,1,1.0
125,4,83.29,298.98,461.43,208.65999999999997,1,1,1.0
125,5,147.44,287.94,125.16000000000003,45.93000000000001,1,1,1.0
125,7,848.33,219.38,83.62,60.24000000000001,1,1,1.0
125,6,406.4,265.67,111.24000000000001,43.76999999999998,1,1,1.0
125,3,209.42,250.8,95.08000000000001,44.420000000000016,1,1,1.0
126,4,57.07,301.32,473.81,213.54000000000002,1,1,1.0
126,5,128.0,288.36,129.10000000000002,49.539999999999964,1,1,1.0
126,7,842.3,219.39,84.60000000000002,60.75,1,1,1.0
126,6,392.54,266.91,112.62,44.049999999999955,1,1,1.0
126,3,209.44,250.82,95.06,44.420000000000016,1,1,1.0
127,4,30.84,303.66,486.2,218.42000000000002,1,1,1.0
127,5,110.95,288.78,130.64999999999998,50.72000000000003,1,1,1.0
127,7,836.27,219.39,85.58000000000004,61.27000000000004,1,1,1.0
127,6,378.68,268.14,114.0,44.34000000000003,1,1,1.0
127,3,209.46,250.84,95.17999999999998,44.41999999999999,1,1,1.0
128,4,4.61,306.0,498.59,223.29999999999995,1,1,1.0
128,5,93.9,289.2,132.2,51.900000000000034,1,1,1.0
128,7,830.23,219.4,86.56999999999994,61.78,1,1,1.0
128,6,364.81,269.38,115.38999999999999,44.620000000000005,1,1,1.0
128,3,209.47,250.86,95.30999999999997,44.41999999999996,1,1,1.0
129,4,4.15,308.94,483.19,222.50000000000006,1,1,1.0
129,5,75.37,291.59,133.56,51.370000000000005,1,1,1.0
129,7,824.2,219.4,87.54999999999995,62.29999999999998,1,1,1.0
129,6,348.69,269.56,117.95999999999998,45.639999999999986,1,1,1.0
129,3,209.49,250.88,95.43,44.420000000000016,1,1,1.0
130,4,3.69,311.88,467.79,221.70000000000005,1,1,1.0
130,5,56.83,293.99,134.94,50.829999999999984,1,1,1.0
130,7,815.69,221.29,91.00999999999999,60.91,1,1,1.0
130,6,332.56,269.74,120.54000000000002,46.65999999999997,1,1,1.0
130,3,209.5,250.91,95.56,44.41,1,1,1.0
131,4,3.23,314.82,452.39,220.90000000000003,1,1,1.0
131,5,38.3,296.38,136.3,50.30000000000001,1,1,1.0
131,7,808.64,221.98,92.24000000000001,60.900000000000006,1,1,1.0
131,6,316.43,269.92,123.12,47.68000000000001,1,1,1.0
131,3,209.52,250.93,95.67999999999998,44.420000000000016,1,1,1.0
132,4,2.77,317.76,436.99,220.10000000000002,1,1,1.0
132,5,20.9,289.2,139.4,54.30000000000001,1,1,1.0
132,7,801.6,222.67,93.45999999999992,60.890000000000015,1,1,1.0
132,6,300.3,270.1,125.69999999999999,48.69999999999999,1,1,1.0
132,3,209.54,250.95,95.79999999999998,44.420000000000016,1,1,1.0
133,4,2.3,320.7,421.59999999999997,219.3,1,1,1.0
133,5,10.45,291.98,131.60000000000002,54.299999999999955,1,1,1.0
133,7,794.55,223.36,94.69000000000005,60.879999999999995,1,1,1.0
133,6,284.52,271.47,127.08000000000004,48.70999999999998,1,1,1.0
133,8,681.94,528.35,67.25,11.649999999999977,1,1,1.0
133,3,209.55,250.97,95.93,44.41999999999999,1,1,1.0
134,4,1.84,324.18,403.54,215.82,1,1,1.0
134,5,0.0,294.76,123.8,54.30000000000001,1,1,1.0
134,7,787.5,224.05,95.91999999999996,60.870000000000005,1,1,1.0
134,6,268.74,272.84,128.45999999999998,48.710000000000036,1,1,1.0
134,8,681.94,523.33,88.51999999999998,16.66999999999996,1,1,1.0
134,3,209.57,250.99,96.05000000000001,44.420000000000016,1,1,1.0
135,4,1.38,327.66,385.48,212.33999999999997,1,1,1.0
135,5,0.0,294.76,105.27,54.30000000000001,1,1,1.0
135,7,780.46,224.74,97.13999999999999,60.860000000000014,1,1,1.0
135,6,252.95,274.22,129.85000000000002,48.70999999999998,1,1,1.0
135,8,681.94,518.32,109.78999999999996,21.67999999999995,1,1,1.0
135,3,209.59,251.01,96.16999999999999,44.420000000000016,1,1,1.0
136,4,0.92,331.14,367.41999999999996,208.86,1,1,1.0
136,5,0.0,294.76,86.73,54.30000000000001,1,1,1.0
136,7,773.83,224.74,98.16999999999996,61.55000000000001,1,1,1.0
136,6,237.17,275.59,131.23,48.710000000000036,1,1,1.0
136,8,681.94,513.3,131.05999999999995,26.700000000000045,1,1,1.0
136,3,209.6,251.04,96.29999999999998,44.41,1,1,1.0
137,4,0.46,334.62,349.36,205.38,1,1,1.0
137,5,0.0,294.76,68.2,54.30000000000001,1,1,1.0
137,7,767.19,224.73,99.20999999999992,62.24000000000004,1,1,1.0
137,6,220.43,276.69,131.63,49.389999999999986,1,1,1.0
137,8,692.09,507.66,132.99,32.339999999999975,1,1,1.0
137,3,209.62,251.06,96.42000000000002,44.420000000000016,1,1,1.0
138,4,0.0,338.1,331.3,201.89999999999998,1,1,1.0
138,5,0.0,294.76,49.4,54.30000000000001,1,1,1.0
138,7,760.56,224.72,100.24000000000001,62.940000000000026,1,1,1.0
138,6,203.68,277.78,132.04000000000002,50.08000000000004,1,1,1.0
138,8,702.24,502.02,134.91999999999996,37.98000000000002,1,1,1.0
138,3,209.63,251.08,96.55000000000001,44.41999999999999,1,1,1.0
139,4,0.0,341.4,311.9,198.60000000000002,1,1,1.0
139,5,0.0,294.76,30.6,54.30000000000001,1,1,1.0
139,7,753.92,224.71,101.28000000000009,63.640000000000015,1,1,1.0
139,6,186.94,278.88,132.44,50.75999999999999,1,1,1.0
139,8,712.4,496.38,136.84000000000003,43.620000000000005,1,1,1.0
139,3,209.65,251.1,96.66999999999999,44.41999999999999,1,1,1.0
140,4,0.0,344.25,290.68,195.75,1,1,1.0
140,5,0.0,294.76,8.7,54.30000000000001,1,1,1.0
140,7,747.29,224.71,102.31000000000006,64.31999999999996,1,1,1.0
140,6,170.19,279.98,132.85000000000002,51.44,1,1,1.0
140,8,722.55,490.74,138.7700000000001,49.25999999999999,1,1,1.0
140,3,209.67,251.12,96.78999999999999,44.420000000000016,1,1,1.0
141,4,0.0,347.1,269.45,192.89999999999998,1,1,1.0
141,7,740.66,224.7,103.34000000000003,65.02000000000004,1,1,1.0
141,6,153.45,281.08,133.25,52.120000000000005,1,1,1.0
141,8,732.7,485.1,140.69999999999993,54.89999999999998,1,1,1.0
141,3,209.68,251.14,96.92000000000002,44.420000000000016,1,1,1.0
142,4,0.0,350.95,248.23,189.05,1,1,1.0
142,7,732.52,225.0,104.52999999999997,66.19999999999999,1,1,1.0
142,6,145.0,281.08,125.92000000000002,53.120000000000005,1,1,1.0
142,8,742.76,479.67,137.91999999999996,59.93000000000001,1,1,1.0
142,3,209.7,251.17,97.04000000000002,44.41999999999999,1,1,1.0
143,4,0.0,354.8,227.0,185.2,1,1,1.0
143,7,724.38,225.3,105.72000000000003,67.38999999999999,1,1,1.0
143,6,122.4,281.08,132.73999999999998,58.02000000000004,1,1,1.0
143,8,752.81,474.25,135.16000000000008,64.95000000000005,1,1,1.0
143,3,209.72,251.19,97.16999999999999,44.420000000000016,1,1,1.0
144,4,0.0,359.88,203.06,180.12,1,1,1.0
144,7,716.24,225.6,106.90999999999997,68.57000000000002,1,1,1.0
144,6,99.8,281.08,139.56,62.920000000000016,1,1,1.0
144,8,762.87,468.82,132.38,69.97999999999996,1,1,1.0
144,3,209.73,251.21,97.29999999999998,44.41999999999999,1,1,1.0
145,4,0.0,364.96,179.12,175.04000000000002,1,1,1.0
145,7,708.1,225.9,108.10000000000002,69.76000000000002,1,1,1.0
145,6,82.0,281.08,141.58,65.47000000000003,1,1,1.0
145,8,772.93,463.4,129.60000000000002,75.0,1,1,1.0
145,3,209.75,251.23,97.42000000000002,44.41999999999999,1,1,1.0
146,4,0.0,370.04,155.18,169.95999999999998,1,1,1.0
146,7,699.96,226.2,109.28999999999996,70.94,1,1,1.0
146,6,64.2,281.08,143.60000000000002,68.02000000000004,1,1,1.0
146,8,782.99,457.97,126.83000000000004,80.02999999999997,1,1,1.0
146,3,209.76,251.25,97.55000000000001,44.420000000000016,1,1,1.0
147,4,0.0,375.12,131.24,164.88,1,1,1.0
147,7,691.82,226.5,110.4799999999999,72.13,1,1,1.0
147,6,45.9,281.08,143.6,64.82,1,1,1.0
147,8,793.04,452.54,124.06000000000006,85.06,1,1,1.0
147,3,209.78,251.28,97.66999999999999,44.41,1,1,1.0
148,4,0.0,380.2,107.3,159.8,1,1,1.0
148,7,683.69,226.8,111.65999999999997,73.31,1,1,1.0
148,6,28.45,286.64,143.60000000000002,61.660000000000025,1,1,1.0
148,8,798.6,448.97,124.05999999999995,85.05999999999995,1,1,1.0
148,3,209.78,251.53,96.11999999999998,44.16,1,1,1.0
149,4,0.0,386.55,81.2,153.45,1,1,1.0
149,7,675.55,227.1,112.85000000000002,74.50000000000003,1,1,1.0
149,6,11.0,292.2,143.6,58.5,1,1,1.0
149,8,804.16,445.4,124.06000000000006,85.05000000000007,1,1,1.0
149,3,209.78,251.78,96.19000000000003,43.91,1,1,1.0
150,4,0.0,392.9,55.1,147.10000000000002,1,1,1.0
150,7,666.02,227.1,112.85000000000002,74.50000000000003,1,1,1.0
150,6,7.33,292.46,131.89999999999998,57.97000000000003,1,1,1.0
150,8,815.28,442.22,119.55000000000007,83.22000000000003,1,1,1.0
150,3,209.78,252.03,96.27000000000001,43.66,1,1,1.0
151,4,0.0,402.3,18.3,137.7,1,1,1.0
151,7,656.49,227.1,112.85000000000002,74.50000000000003,1,1,1.0
151,6,3.67,292.73,120.2,57.44,1,1,1.0
151,8,826.39,439.05,115.06000000000006,81.36999999999995,1,1,1.0
151,3,209.78,252.28,96.34,43.41,1,1,1.0
152,7,646.96,227.89,112.86000000000001,74.5,1,1,1.0
152,6,0.0,292.99,108.5,56.90999999999997,1,1,1.0
152,8,837.51,435.87,110.56000000000006,79.52999999999997,1,1,1.0
152,3,209.78,252.53,96.41,43.16,1,1,1.0
153,7,638.07,228.69,113.63999999999999,74.50999999999999,1,1,1.0
153,6,0.0,292.99,89.05,59.49000000000001,1,1,1.0
153,8,844.19,431.26,106.26999999999998,79.53000000000003,1,1,1.0
153,3,209.78,252.78,96.48999999999998,42.91,1,1,1.0
154,7,629.18,229.48,114.43000000000006,74.52000000000001,1,1,1.0
154,6,0.0,292.99,69.6,62.06,1,1,1.0
154,8,850.87,426.64,101.97000000000003,79.55000000000001,1,1,1.0
154,3,209.78,253.03,96.55999999999997,42.66,1,1,1.0
155,7,620.29,230.28,115.22000000000003,74.52000000000001,1,1,1.0
155,6,0.0,292.99,50.15,64.63999999999999,1,1,1.0
155,8,857.54,422.03,97.69000000000005,79.55000000000001,1,1,1.0
155,3,209.78,253.28,96.64000000000001,42.41,1,1,1.0
156,7,611.39,231.07,116.00999999999999,74.53000000000003,1,1,1.0
156,6,0.0,292.99,30.7,67.20999999999998,1,1,1.0
156,8,864.22,417.41,93.38999999999999,79.57,1,1,1.0
156,3,209.78,253.53,96.71000000000001,42.16,1,1,1.0
157,7,602.5,231.87,116.79999999999995,74.52999999999997,1,1,1.0
157,6,0.0,292.99,15.6,69.61000000000001,1,1,1.0
157,8,870.9,412.8,89.10000000000002,79.57,1,1,1.0
157,3,209.78,253.79,96.78,41.900000000000006,1,1,1.0
158,7,591.7,232.03,118.8599999999999,74.04999999999998,1,1,1.0
158,8,877.56,409.78,82.44000000000005,78.94000000000005,1,1,1.0
158,3,209.78,254.04,96.85999999999999,41.650000000000006,1,1,1.0
159,7,580.9,232.2,120.92000000000007,73.56,1,1,1.0
159,8,884.22,406.77,75.77999999999997,78.29000000000002,1,1,1.0
159,3,209.78,254.29,96.92999999999998,41.400000000000006,1,1,1.0
160,7,570.1,232.37,122.98000000000002,73.07,1,1,1.0
160,8,890.88,403.75,69.12,77.66000000000003,1,1,1.0
160,3,209.78,254.54,96.99999999999997,41.150000000000006,1,1,1.0
161,7,559.31,232.53,125.03000000000009,72.59,1,1,1.0
161,8,897.54,400.73,62.460000000000036,77.01999999999998,1,1,1.0
161,3,209.78,254.79,97.08000000000001,40.900000000000006,1,1,1.0
162,7,548.51,232.7,127.09000000000003,72.10000000000002,1,1,1.0
162,8,904.2,397.71,55.799999999999955,76.39000000000004,1,1,1.0
162,3,209.78,255.04,97.15,40.650000000000006,1,1,1.0
163,7,537.23,233.02,128.21000000000004,72.58000000000001,1,1,1.0
163,8,910.03,394.28,49.97000000000003,73.45000000000005,1,1,1.0
163,3,209.78,255.29,97.22,40.400000000000006,1,1,1.0
164,7,525.96,233.34,129.31999999999994,73.05999999999997,1,1,1.0
164,8,915.87,390.84,44.129999999999995,70.53000000000003,1,1,1.0
164,3,209.78,255.54,97.29999999999998,40.150000000000006,1,1,1.0
165,7,514.68,233.66,130.44000000000005,73.53999999999999,1,1,1.0
165,8,921.7,387.4,38.299999999999955,67.60000000000002,1,1,1.0
165,3,209.78,255.8,97.36999999999998,39.889999999999986,1,1,1.0
166,7,503.41,233.98,131.55,74.02000000000001,1,1,1.0
166,8,927.05,387.4,32.950000000000045,64.63,1,1,1.0
166,3,209.78,256.05,97.45000000000002,39.639999999999986,1,1,1.0
167,7,492.13,234.3,132.66999999999996,74.5,1,1,1.0
167,8,932.4,387.4,27.600000000000023,61.650000000000034,1,1,1.0
167,3,209.78,256.3,97.52000000000001,39.389999999999986,1,1,1.0
168,7,480.38,234.77,134.10000000000002,75.61999999999998,1,1,1.0
168,8,937.75,387.4,22.25,58.68000000000001,1,1,1.0
168,3,209.78,256.55,97.59,39.139999999999986,1,1,1.0
169,7,468.63,235.25,135.52999999999997,76.73000000000002,1,1,1.0
169,8,943.1,387.4,16.899999999999977,55.700000000000045,1,1,1.0
169,3,209.78,256.8,97.66999999999999,38.889999999999986,1,1,1.0
170,7,456.88,235.73,136.96000000000004,77.84,1,1,1.0
170,8,948.7,387.4,11.299999999999955,53.700000000000045,1,1,1.0
170,3,209.78,256.8,95.94000000000003,38.889999999999986,1,1,1.0
171,7,445.13,236.2,138.39,78.94999999999999,1,1,1.0
171,8,951.8,387.4,8.200000000000045,49.400000000000034,1,1,1.0
171,3,209.78,256.8,94.22,38.889999999999986,1,1,1.0
172,7,433.38,236.7,139.82000000000005,80.04000000000002,1,1,1.0
172,3,209.78,256.8,94.22,38.889999999999986,1,1,1.0
173,7,422.74,237.18,139.81999999999994,81.14999999999998,1,1,1.0
173,3,209.78,256.8,94.22,38.889999999999986,1,1,1.0
174,7,412.1,237.66,139.81999999999994,82.26000000000002,1,1,1.0
174,3,209.78,256.8,94.22,38.889999999999986,1,1,1.0
175,7,401.46,238.14,139.82,83.37,1,1,1.0
175,3,209.78,256.8,94.22,38.889999999999986,1,1,1.0
176,7,390.82,238.62,139.82,84.46999999999997,1,1,1.0
176,3,209.78,256.8,94.22,38.889999999999986,1,1,1.0
177,7,380.18,239.1,139.82,85.58000000000001,1,1,1.0
177,3,209.78,256.8,94.22,38.889999999999986,1,1,1.0
178,7,367.63,239.1,140.93,86.53,1,1,1.0
178,3,209.78,256.8,94.22,38.889999999999986,1,1,1.0
179,7,355.08,239.1,142.04000000000002,87.48999999999998,1,1,1.0
179,3,209.78,256.8,94.22,38.889999999999986,1,1,1.0
180,7,342.54,239.1,143.14,88.44000000000003,1,1,1.0
180,3,209.78,256.8,94.22,38.889999999999986,1,1,1.0
181,7,329.99,239.1,144.25,89.39000000000001,1,1,1.0
181,3,209.78,256.8,94.22,38.889999999999986,1,1,1.0
182,7,317.45,239.1,145.35000000000002,90.34,1,1,1.0
182,3,209.78,256.8,94.22,38.889999999999986,1,1,1.0
183,7,306.97,239.74,145.34999999999997,90.33999999999997,1,1,1.0
183,3,209.78,256.8,94.22,38.889999999999986,1,1,1.0
184,7,296.48,240.37,145.35999999999996,90.35000000000002,1,1,1.0
184,3,209.78,256.8,94.22,38.889999999999986,1,1,1.0
185,7,286.0,241.01,145.36,90.34000000000003,1,1,1.0
185,3,209.78,256.8,94.22,38.889999999999986,1,1,1.0
186,7,275.52,241.64,145.35000000000002,90.35000000000002,1,1,1.0
186,3,209.78,256.8,94.22,38.889999999999986,1,1,1.0
187,7,265.04,242.28,145.34999999999997,90.34,1,1,1.0
187,3,209.78,256.8,94.22,38.889999999999986,1,1,1.0
188,7,252.6,242.55,146.42999999999998,91.13,1,1,1.0
188,3,209.78,256.8,94.22,38.889999999999986,1,1,1.0
189,7,240.16,242.83,147.50000000000003,91.91,1,1,1.0
189,3,209.78,256.8,94.22,38.889999999999986,1,1,1.0
190,7,227.72,243.1,148.58,92.70000000000002,1,1,1.0
190,3,209.78,256.8,94.22,38.889999999999986,1,1,1.0
